> hold$scores
           Comp.1      Comp.2     Comp.3      Comp.4
 [1,] -3.59837512  0.46592358 -0.3087188 -0.04902597
 [2,] -0.10501162 -0.32382941 -0.9637492  0.81770366
 [3,] -1.03858755 -1.50611264 -0.7762246 -0.57497050
 [4,]  2.13004445  0.68264826 -0.5335500 -0.12447069
 [5,] -1.02326106  1.85187203  0.2233541 -0.04203984
 [6,] -1.80092901  1.50535704 -0.6359655  0.19873641
 [7,] -0.35930163 -0.04003031  0.3851416 -0.17866740
 [8,]  0.92084766 -0.72621391 -1.4723743  0.06481649
 [9,]  1.59340467 -0.81261185 -0.3868939 -0.50560097
[10,]  1.40325871  0.14930224 -0.4962171  0.12098110
[11,]  1.03431067  1.81051677  0.4264689 -0.39770549
[12,] -0.12086602 -2.56378551  0.7111325  0.21298274
[13,] -1.25216137  0.09466807  1.3447405  0.09458907
[14,]  1.02000282  0.76562254  0.9965436  0.21105188
[15,]  0.08973018 -0.14030215 -1.0270956 -0.22983631
[16,]  2.26714084 -0.12109288  1.4461451  0.23233223
[17,] -0.76243448 -0.21277685 -0.2243883  0.44816422
[18,]  1.11665484 -0.08876730 -0.1424104  0.23257586
[19,]  0.06495144  0.66935439  0.2354269 -0.31574799
[20,] -1.57941842 -1.45974212  1.1986344 -0.21586849



> hold$loadings
Loadings:
   Comp.1 Comp.2 Comp.3 Comp.4
x1  0.520  0.281  0.706  0.389
x2  0.500 -0.527 -0.447  0.523
x3 -0.168 -0.802  0.544 -0.183
x4  0.672               -0.736

               Comp.1 Comp.2 Comp.3 Comp.4
SS loadings      1.00   1.00   1.00   1.00
Proportion Var   0.25   0.25   0.25   0.25
Cumulative Var   0.25   0.50   0.75   1.00
