> PCA$scores[,1]
  [1]  -5.034834   6.082489   2.112230   4.765050  -6.048864  -6.125519
  [7]   4.636226   2.866737   1.245790  -3.994374  15.013718  15.013718
 [13]  13.684812  13.684812  13.537460  13.682746  13.682746  13.582610
 [19]  13.140429  13.582610  13.116951  13.116951  12.835676  12.464237
 [25]  12.551155  12.464237  12.391429  12.370017  12.375253  12.462171
 [31]  12.375253  12.362035  12.340623  12.259620  12.275117  11.809457
 [37]  11.867411  11.634894  11.634894  11.685843  11.149442  11.241596
 [43]  11.281387  11.154678  11.241596  11.133265  11.154678  11.133265
 [49]  11.241596  11.154678  11.241596  11.060458  11.009651  10.715591
 [55]  10.936844  10.692113  10.505059  10.505059  10.378350   9.934103
 [61]   9.934103   9.912690   9.934103   9.934103   9.960676   9.723570
 [67]   9.702158   9.789076   9.629350   8.642267   9.406032   8.500951
 [73]   8.629705   8.255912   8.059799   7.111691   5.882899   5.454844
 [79]   5.650616   5.044036   4.252657   9.973884   7.241175   2.845738
 [85] -11.725144 -11.659492 -11.261800 -11.376719 -10.998180 -10.725802
 [91] -11.025546 -10.991772 -10.130046 -10.071233  -9.919028 -10.279158
 [97] -10.105848 -10.118556 -10.541153 -10.041946 -10.130887 -10.133866
[103] -10.147190  -9.969850 -10.152863  -9.652144 -10.127179  -9.651935
[109]  -9.552364  -9.510380  -9.488157  -9.383214  -9.519640  -9.028921
[115]  -9.080701  -9.678057  -9.672411  -9.054363  -9.425221  -9.493400
[121]  -9.396816  -8.885112  -9.122728  -9.453767  -9.472082  -8.762338
[127]  -8.762338  -9.297598  -8.279844  -9.216059  -8.830888  -8.791266
[133]  -9.323096  -8.888367  -9.008702  -9.027225  -8.669607  -9.186244
[139]  -9.186244  -8.736300  -8.841863  -8.533205  -8.887203  -8.802613
[145]  -8.689610  -9.051975  -8.557702  -8.789391  -8.568272  -8.918316
[151]  -8.917761  -8.381054  -8.689880  -8.442909  -8.197338  -8.298847
[157]  -8.291527  -8.337184  -8.112729  -8.214733  -8.122544  -8.010257
[163]  -8.883499  -8.182890  -8.299792  -7.834202  -8.253722  -8.121778
[169]  -8.167597  -8.319674